10011001011110011001010000011000
10000011110000000011010000001101
00000000000000000000000000000000
00000000000000000000000000000000
10000011110000111101010000000010
10000011110000111011010000000000
10000011110000111011000000000010
00000000000000000000000000000000
10011011011110011001010000010110
10000100010000000000000001001101
11000100001100010101000000011011
00000000000000000000000000000000
10000100110000111101010000000100
10000100110000000011010000000001
10000100110000111011000000000100
00000000000000000000000000000000
10000111010000000000000000000011
10000011110000111011010000001111
10000011110000111011010000001101
00000000000000000000000000000000
10000011110000111110000000000010
10000011110000000011010000000000
10000011110000000011000000000010
00000000000000000000000000000000
10000100000000000000000000000011
10000100110000000011010000010010
11000100001100010001000100011000
00000000000000000000000000000000
10000100110000111110000000000100
10000100110000000011010000010001
10000100110000111011000000000101
00000000000000000000000000000000
10011001011110011001010000001001
10000011110000000010110000001101
00000000000000000000000000000000
00000000000000000000000000000000
10000011110000111010100000000000
10000011110000111010110000000000
10000011110000111100100000000010
00000000000000000000000000000000
10000101011110011001000100010100
10000100010000000000000001001011
11000100001100010101001000011011
00000000000000000000000000000000
10000100110000111010100000000001
10000100110000000010110000000001
10000100110000111100100000000100
00000000000000000000000000000000
10000111010000000000000000000011
10000011110000111010110000001111
10000011110000111010110000001101
00000000000000000000000000000000
10000011110000000010100000000000
10000011110000000010110000000000
10000011110000000100100000000010
00000000000000000000000000000000
10000100000000111001010100000011
10000100110000000010110000010010
11000100001100010001010000011000
00000000000000000000000000000000
10000100110000000010100000010001
10000100110000000010110000010001
10000100110000111100100000000101
00000000000000000000000000000000
10000101011110011001000100011100
10000011110000000010010000001101
00000000000000000000000000000000
00000000000000000000000000000000
00000000000000000000000000000000
10000011110000111010010000000000
10000011110000111100110000000010
00000000000000000000000000000000
10011011011110011001010001000110
10000100010000000000000001001001
11000100001100010111000000011011
00000000000000000000000000000000
10000100010000000000000000000110
10000100110000000010010000000001
10000100110000111100110000000100
00000000000000000000000000000000
10000111010000000000000000000011
10000011110000111010010000001111
10000011110000111010010000001101
00000000000000000000000000000000
00000000000000000000000000000000
10000011110000000010010000000000
10000011110000000100110000000010
00000000000000000000000000000000
10000100000000000000000000100000
10000100110000000010010000010010
10011011011110011001010001001000
00000000000000000000000000000000
00000000000000000000000000000000
10000100110000000010010000010001
10000100110000111100110000000101
00000000000000000000000000000000
10000101011110011001000100001011
10000011110000000000110000001101
00000000000000000000000000000000
00000000000000000000000000000000
10010011010000111000000001010110
10000011110000111000110000000000
10000011110000111101000000000010
00000000000000000000000000000000
10000101011110011001000100000111
10000100010000000000000001000011
11000100001100010111001000011011
00000000000000000000000000000000
10000100010000000000110000100111
10000100110000000000110000000001
10000100110000111101000000000100
00000000000000000000000000000000
10000111010000000000000000000011
10000011110000111000110000001111
10000011110000111000110000001101
00000000000000000000000000000000
10010011010000000000000001010110
10000011110000000000110000000000
10000011110000000101000000000010
00000000000000000000000000000000
10000100000000000000000000100000
10000100110000000000110000010010
10000101011110011001000100010011
00000000000000000000000000000000
10000100010000000000110000101101
10000100110000000000110000010001
10000100110000111101000000000101
00000000000000000000000000000000
10000111010000000000000000000011
10000011110000000001100000100011
00000000000000000000000000000000
00000000000000000000000000000000
10010011010000111000000001001000
10010011010000111000000001000110
10010011010000111000000001000111
00000000000000000000000000000000
11000100001010001001010000011000
10000100010000000000000001010111
11000100001100000001000000011000
00000000000000000000000000000000
10000100110000111010000000100000
10000100110000111001100000100000
10000100110000111001110000100000
00000000000000000000000000000000
10000111010000000000000000000011
10000011110000111001100000100101
10000011110000111001100000100011
00000000000000000000000000000000
10010011010000000000000001001000
10010011010000000000000001000110
10010011010000001000000001000111
00000000000000000000000000000000
11000100001100001001000000011000
10000100110000111001100000100010
10000100001110000001000000000000
00000000000000000000000000000000
10000100110000111101100000100000
10000100110000111001100000100001
10000100110000111101100000100001
00000000000000000000000000000000
10000100010000000000000001000010
10000011110000000000000000001101
10000100010000000000000001000001
00000000000000000000000000000000
10000011110000111000100000000000
10000011110000111000000000000000
10000011110000111000010000000000
00000000000000000000000000000000
11000100001010010001000000011000
10000100010000000000000001000000
11000100001000010001000000011000
00000000000000000000000000000000
10000100110000000000100000000001
10000100110000000000000000000001
10000100110000000000010000000001
00000000000000000000000000000000
10000111010000000000000000000011
10000011110000111000000000001111
10000011110000111000000000001101
00000000000000000000000000000000
10000011110000000000100000000000
10000011110000000000000000000000
10000011110000001000010000000000
00000000000000000000000000000000
10000100000000111000110010000000
10000100110000000000000000010010
11000100001000011001000000011000
00000000000000000000000000000000
10000100110000000000100000010001
10000100110000000000000000010001
10000100110000000000010000010010
00000000000000000000000000000000
10000100010000000000000001010001
10000011110000000011100000001101
00000000000000000000000000000000
00000000000000000000000000000000
10000011110000111100010000000000
10000011110000111011100000000000
10000011110000111001010000000010
00000000000000000000000000000000
11000100001010001001000100011000
10000100010000000000000001001110
11000100001000000001010000011000
00000000000000000000000000000000
10000100110000111100010000000001
10000100110000000011100000000001
10000100110000111001010000000100
00000000000000000000000000000000
10000111010000000000000000000011
10000011110000111011100000001111
10000011110000111011100000001101
00000000000000000000000000000000
00000000000000000000000000000000
10000011110000000011100000000000
10000011110000000001010000000010
00000000000000000000000000000000
10000100000000000000000001000000
10000100110000000011100000010010
10011011011110011001010001000111
00000000000000000000000000000000
00000000000000000000000000000000
10000100110000000011100000010001
10000100110000111001010000000101
00000000000000000000000000000000
10000100010000000000000001010000
10000011110000000011110000001101
00000000000000000000000000000000
00000000000000000000000000000000
10000011110000111100000000000000
10000011110000111011110000000000
10000011110000111001000000000010
00000000000000000000000000000000
11000100001000000001000100011000
10000100010000000000000001001111
10000100000000000000000000000000
00000000000000000000000000000000
10000100110000111100000000000001
10000100110000000011110000000001
10000100110000111001000000000100
00000000000000000000000000000000
10000111010000000000000000000011
10000011110000111011110000001111
10000011110000111011110000001101
00000000000000000000000000000000
00000000000000000000000000000000
10000011110000000011110000000000
10000011110000000001000000000010
00000000000000000000000000000000
10000100000000000000000001000000
10000100110000000011110000010010
10000101011110011001000100001000
00000000000000000000000000000000
00000000000000000000000000000000
10000100110000000011110000010001
10000100110000111001000000000101
00000000000000000000000000000000
10000001100000000000000000000000
10000010010000111000000000000000
10010000100000000000000000000000
10000100000000000000000000000000
10000010010000111000000000000010
10000010010000000000000000000010
10000010010000111000000000000011
10000001010000000000000001000000
10000001010000000000000001000001
11111000011110011001010000001010
11000001010000000000000000000110
10000101011110011001000100001100
10001110010000111000000000000011
10001100010000000000000000001110
10001010010000111000000000000000
10001100010000000000000000010000
10001010010000001000000000000000
10000010010000000000000000000000
10000010010000001000000000000000
10000001010000000000000001000010
10000001010000000000000000010101
10100100000000111110110010010111
10100001010000000000000100000011
11000100000000111000110100011000
11111000011110011001010000011001
11011000011110011001010000011010
10101111010001010000000100011011
10001100010000000000000000101000
10000101011110011001000100011101
00000101011110011001000100011110
00000010010000111110110000010101
00000000000000000000000000000000
10010010100000111000000000000000
10010010100000000000000000000000
10010010100000001000000000000000
10001100010000000000000000100100
10011010100000111000000000000000
10001100010000000000000000100110
10011010100000001000000000000000
10000010010000111000000000101110
10000010010000111000000000101001
10000100000000000000000001100000
11000100000000010000010000000000
11000100000000110000110000011000
11000100000000111100110000011011
10000010010000000000000000101110
10001100010000000000000000101111
10000010010000111000000000110000
10000100000000000000000000000000
11000100000000111100111000011011
11000100000000111110110000011011
11000100000000111110111000011011
00000000000000000000000000000000
00000000000000000000000000000000
00000000000000000000000000000000
00000000000000000000000000000000
00000000000000000000000000000000
00000000000000000000000000000000
00000000000000000000000000000000
00000000000000000000000000000000
00000000000000000000000000000000
00000000000000000000000000000000
00000000000000000000000000000000
00000000000000000000000000000000
11000100001100111000000000011000
11000100001000111000000000011000
11000100001010111000000000011000
11000100001100010000111110011011
00000001010000111000110100010111
00000001010000110000110000101011
10000001010000010001000000000011
10000001010000000001000000000011
10000001010000001001000000000011
11000100001100010000100000011000
11100100000000010000010010001000
11000100001100010000010000011000
00000001010000111100110000101100
11000100001100010000000000011000
11000100000000010001100100011011
11000100001100010001101110011011
11000100000000000001100100011011
11000100000000001001100100011011
00000001010000111100111000110001
00000001010000111110110000110010
00000001010000111110111000110011
00000001010000010000000000101010
10000001010000111001000000000011
11100100000000010000010000000000
00000001010000010001110000101010
00000000000000000000000000000000
00000000000000000000000000000000
00000000000000000000000000000000
00000000000000000000000000000000
00000000000000000000000000000000
00000000000000000000000000000000
00000000000000000000000000000000
10011000011110011001010001100001
11111000011110011001010001100010
11011000011110011001010001100011
10101111010001010000000001100100
10001100010000000000000001100101
10001010010000111000000001100110
10000100000000111000000001100000
00000000000000000000000000000000
11111000011110011001010001101001
11011000011110011001010001101010
10101111010001000000000001101011
10001100010000000000000001101100
10001010010000111000000001101101
10000100000000111000000001100000
00000000000000000000000000000000
00000000000000000000000000000000
10001111010001001000000001110001
10000100010000111000000001110010
10000010010000111000000001110011
10000100000000111000000001110000
00000000000000000000000000000000
00000000000000000000000000000000
00000000000000000000000000000000
00000000000000000000000000000000
00000000000000000000000000000000
00000000000000000000000000000000
00000000000000000000000000000000
00000000000000000000000000000000
00000000000000000000000000000000
00000000000000000000000000000000
00000000000000000000000000000000
00000000000000000000000000000000
10000001100000000000000000000000
10000010010000111000000000000000
10010000100000000000000000000000
10000100000000000000000000000000
10000010010000111000000000000010
10000010010000000000000000000010
10000010010000111000000000000011
10000001010000000000000001000000
10000001010000000000000001000001
11111000011110011001010000001010
11000001010000000000000000000110
10000101011110011001000100001100
10001110010000111000000000000011
10001100010000000000000000001110
10001010010000111000000000000000
10001100010000000000000000010000
10001010010000001000000000000000
10000010010000000000000000000000
10000010010000001000000000000000
10000001010000000000000001000010
10000001010000000000000000010101
10100100000000111110110010010111
10100001010000000000000100000011
11000100000000111000110100011000
11111000011110011001010000011001
11011000011110011001010000011010
10101111010001010000000100011011
10001100010000000000000000101000
10000101011110011001000100011101
00000101011110011001000100011110
00000010010000111110110000010101
00000000000000000000000000000000
10010010100000111000000000000000
10010010100000000000000000000000
10010010100000001000000000000000
10001100010000000000000000100100
10011010100000111000000000000000
10001100010000000000000000100110
10011010100000001000000000000000
10000010010000111000000000101110
10000010010000111000000000101001
10000100000000000000000001100000
11000100000000010000010000000000
11000100000000110000110000011000
11000100000000111100110000011011
10000010010000000000000000101110
10001100010000000000000000101111
10000010010000111000000000110000
10000100000000000000000000000000
11000100000000111100111000011011
11000100000000111110110000011011
11000100000000111110111000011011
00000000000000000000000000000000
00000000000000000000000000000000
00000000000000000000000000000000
00000000000000000000000000000000
00000000000000000000000000000000
00000000000000000000000000000000
00000000000000000000000000000000
00000000000000000000000000000000
00000000000000000000000000000000
00000000000000000000000000000000
00000000000000000000000000000000
00000000000000000000000000000000
11000100001100111000000000011000
11000100001000111000000000011000
11000100001010111000000000011000
11000000011100010000111111011001
00000001010000111000110100010111
00000001010000110000110000101011
10000001010000010001000000000011
10000001010000000001000000000011
10000001010000001001000000000011
11000100001100010000100000011000
11100100000000010000010010001000
11000100001100010000010000011000
00000001010000111100110000101100
11000100001100010000000000011000
11000100000000010001100100011011
11000000011100010001101111011010
11000100000000000001100100011011
11000100000000001001100100011011
00000001010000111100111000110001
00000001010000111110110000110010
00000001010000111110111000110011
00000001010000010000000000101010
10000001010000111001000000000011
11100100000000010000010000000000
00000001010000010001110000101010
11000100001100010000110000011011
11000100001100010001100100011011
00000000000000000000000000000000
00000000000000000000000000000000
00000000000000000000000000000000
00000000000000000000000000000000
00000000000000000000000000000000
10011000011110011001010001101000
11111000011110011001010001100010
11011000011110011001010001100011
10101111010001010000000001100100
10001100010000000000000001100101
10001010010000111000000001100110
10000100000000111000000001100000
00000000000000000000000000000000
11111000011110011001010001101001
11011000011110011001010001101010
10101111010001000000000001101011
10001100010000000000000001101100
10001010010000111000000001101101
10000100000000111000000001100000
00000000000000000000000000000000
00000000000000000000000000000000
10001111010001001000000001110001
10000100010000111000000001110010
10000010010000111000000001110011
10000100000000111000000001110000
00000000000000000000000000000000
00000000000000000000000000000000
00000000000000000000000000000000
00000000000000000000000000000000
00000000000000000000000000000000
00000000000000000000000000000000
00000000000000000000000000000000
00000000000000000000000000000000
00000000000000000000000000000000
00000000000000000000000000000000
00000000000000000000000000000000
00000000010000000000000001110000
